0
242
1 0
2 2488
3 2916
5 5302
7 6271
8 7422
9 8436
11 8956
15 9462
20 9474
22 9478
24 9501
27 9537
31 9550
36 9563
39 9571
40 9574
43 9578
45 9586
47 9603
50 9611
54 10322
55 33913
57 33914
58 34242
60 37426
62 37446
66 37461
68 37486
74 37525
78 37540
80 37549
84 37565
88 37591
93 37611
95 37612
97 37623
103 45393
104 60894
106 60921
108 60958
109 60986
110 60995
112 61040
113 61495
114 61496
116 61796
117 61811
118 61878
121 61889
124 61903
129 61924
135 61932
138 61938
143 61957
148 61987
153 61991
158 62008
166 62014
169 62019
171 65292
173 81163
175 81534
178 81573
188 81635
190 81660
192 81678
198 81685
203 81691
211 81712
213 81729
215 81750
218 81770
230 82686
232 82688
237 85002
241 86562
242 86857
243 86920
244 88272
256 88384
265 88424
266 88450
268 89528
271 89592
275 89593
276 90141
278 90146
281 90166
282 90173
287 90339
289 91986
291 92001
293 92023
299 92036
300 92042
303 92043
305 92067
309 92082
314 92103
316 92113
320 92142
325 92150
328 92167
340 92182
342 97161
344 97171
348 97172
351 97199
353 97211
356 97217
364 97260
366 97271
368 97287
371 97297
373 97314
375 97316
376 97317
378 101190
381 102187
385 102190
387 102215
389 102243
395 102253
404 102271
408 102291
409 102317
413 102380
415 102391
416 106330
419 110695
421 110719
423 110728
424 110751
427 110768
429 110788
430 110868
432 120739
436 120772
437 120782
439 120807
441 120823
443 120835
447 120836
449 120855
451 120873
456 120890
457 129839
460 129840
462 129922
464 129946
466 129955
471 129980
473 129992
475 130006
477 130022
480 130037
484 130085
486 130452
487 132328
489 137919
492 137942
494 137950
496 137970
497 137991
499 138006
500 138036
503 138078
505 138106
509 138123
512 148261
516 148270
518 148281
520 148294
523 148306
525 148317
530 148334
532 148353
534 148365
535 148390
537 157844
539 157855
542 157882
544 157898
546 157918
549 157928
551 157948
552 157968
554 157979
556 158006
560 166828
566 166854
568 166880
570 166905
573 166929
575 166930
577 166941
582 175360
584 175376
586 175399
588 175400
590 175401
592 175439
594 175459
596 175482
598 175506
600 175531
602 185280
604 185304
606 185329
609 185330
612 185331
614 185332
616 185333
618 185345
619 185346
623 185347
625 185348
627 185360
629 185411
631 195462
633 195488
635 195500
638 195501
641 195502
646 195503
649 195504
651 195505
653 195506
656 195507
661 195539
664 195540
666 205596
668 205597
670 205615
672 205641
675 205666
677 205667
679 205668
681 205669
683 205681
685 205732
